기간	자치구	동	합계	합계	합계	국민기초생활보장수급권자	국민기초생활보장수급권자	국민기초생활보장수급권자	저소득노인	저소득노인	저소득노인	일반	일반	일반
기간	자치구	동	계	65세~79세	80세이상	계	65세~79세	80세이상	계	65세~79세	80세이상	계	65세~79세	80세이상
2019	합계	합계	343,567	255,395	88,172	80,376	56,572	23,804	20,131	11,772	8,359	243,060	187,051	56,009
2019	종로구	소계	9,149	6,653	2,496	1,445	1,099	346	528	323	205	7,176	5,231	1,945
2019	종로구	사직동	439	284	155	59	33	26	20	15	5	360	236	124
2019	종로구	삼청동	167	109	58	13	10	3	5	1	4	149	98	51
2019	종로구	부암동	346	221	125	37	22	15	12	6	6	297	193	104
2019	종로구	평창동	640	397	243	45	31	14	26	11	15	569	355	214
2019	종로구	무악동	265	189	76	57	39	18	17	8	9	191	142	49
2019	종로구	교남동	1,650	1,259	391	68	50	18	25	16	9	1,557	1,193	364
2019	종로구	가회동	216	157	59	15	11	4	13	7	6	188	139	49
2019	종로구	종로1.2.3.4가동	781	599	182	298	250	48	38	22	16	445	327	118
2019	종로구	종로5·6가동	508	384	124	72	59	13	25	15	10	411	310	101
2019	종로구	이화동	596	415	181	89	60	29	130	87	43	377	268	109
2019	종로구	창신1동	477	394	83	184	155	29	21	13	8	272	226	46
2019	종로구	창신2동	496	428	68	129	103	26	22	14	8	345	311	34
2019	종로구	창신3동	328	231	97	47	35	12	25	13	12	256	183	73
2019	종로구	숭인1동	481	351	130	74	58	16	37	26	11	370	267	103
2019	종로구	숭인2동	626	494	132	125	96	29	27	20	7	474	378	96
2019	종로구	청운효자동	476	313	163	53	27	26	32	13	19	391	273	118
2019	종로구	혜화동	657	428	229	80	60	20	53	36	17	524	332	192
2019	중구	소계	6,323	4,682	1,641	1,447	1,056	391	325	187	138	4,551	3,439	1,112
2019	중구	소공동	72	63	9	14	14	-	1	1	-	57	48	9
2019	중구	회현동	492	397	95	182	161	21	12	3	9	298	233	65
2019	중구	명동	180	148	32	32	26	6	5	3	2	143	119	24
2019	중구	필동	238	174	64	31	21	10	8	7	1	199	146	53
2019	중구	장충동	207	154	53	34	27	7	5	4	1	168	123	45
2019	중구	광희동	392	310	82	56	39	17	12	7	5	324	264	60
2019	중구	을지로동	228	177	51	43	31	12	9	5	4	176	141	35
2019	중구	신당5동	481	362	119	115	84	31	32	15	17	334	263	71
2019	중구	황학동	562	438	124	151	108	43	24	15	9	387	315	72
2019	중구	중림동	508	371	137	144	106	38	26	14	12	338	251	87
2019	중구	신당동	464	353	111	93	72	21	27	13	14	344	268	76
2019	중구	다산동	609	465	144	114	88	26	30	21	9	465	356	109
2019	중구	약수동	949	624	325	219	139	80	81	48	33	649	437	212
2019	중구	청구동	657	456	201	184	117	67	39	25	14	434	314	120
2019	중구	동화동	284	190	94	35	23	12	14	6	8	235	161	74
2019	용산구	소계	8,838	6,341	2,497	2,154	1,571	583	293	155	138	6,391	4,615	1,776
2019	용산구	후암동	748	527	221	212	133	79	27	16	11	509	378	131
2019	용산구	용산2가동	483	325	158	113	78	35	29	10	19	341	237	104
2019	용산구	남영동	787	655	132	426	377	49	16	13	3	345	265	80
2019	용산구	원효로2동	482	337	145	127	94	33	12	4	8	343	239	104
2019	용산구	효창동	259	182	77	31	22	9	5	3	2	223	157	66
2019	용산구	용문동	399	302	97	106	74	32	11	7	4	282	221	61
2019	용산구	이촌1동	654	376	278	16	7	9	2	1	1	636	368	268
2019	용산구	이촌2동	365	241	124	47	26	21	9	4	5	309	211	98
2019	용산구	이태원1동	316	218	98	52	37	15	15	10	5	249	171	78
2019	용산구	이태원2동	406	279	127	79	49	30	18	5	13	309	225	84
2019	용산구	서빙고동	430	275	155	71	44	27	12	5	7	347	226	121
2019	용산구	보광동	714	528	186	245	164	81	41	19	22	428	345	83
2019	용산구	청파동	832	653	179	225	169	56	31	18	13	576	466	110
2019	용산구	원효로1동	439	336	103	74	62	12	17	9	8	348	265	83
2019	용산구	한강로동	702	482	220	157	114	43	16	11	5	529	357	172
2019	용산구	한남동	822	625	197	173	121	52	32	20	12	617	484	133
2019	성동구	소계	10,764	7,455	3,309	2,220	1,530	690	548	315	233	7,996	5,610	2,386
2019	성동구	왕십리2동	637	451	186	110	73	37	30	21	9	497	357	140
2019	성동구	마장동	888	633	255	166	116	50	49	27	22	673	490	183
2019	성동구	사근동	374	251	123	43	29	14	23	14	9	308	208	100
2019	성동구	행당1동	600	434	166	121	92	29	29	17	12	450	325	125
2019	성동구	행당2동	757	516	241	191	133	58	36	20	16	530	363	167
2019	성동구	응봉동	479	311	168	32	18	14	25	13	12	422	280	142
2019	성동구	금호1가동	612	391	221	199	122	77	37	19	18	376	250	126
2019	성동구	금호4가동	527	359	168	108	76	32	26	14	12	393	269	124
2019	성동구	성수1가1동	519	385	134	97	78	19	27	14	13	395	293	102
2019	성동구	성수1가2동	476	321	155	63	35	28	23	15	8	390	271	119
2019	성동구	성수2가1동	812	593	219	179	137	42	40	25	15	593	431	162
2019	성동구	성수2가3동	391	287	104	57	38	19	13	9	4	321	240	81
2019	성동구	송정동	479	350	129	132	97	35	31	14	17	316	239	77
2019	성동구	용답동	662	486	176	176	130	46	41	25	16	445	331	114
2019	성동구	왕십리도선동	887	585	302	256	169	87	42	26	16	589	390	199
2019	성동구	금호2.3가동	902	602	300	177	113	64	40	22	18	685	467	218
2019	성동구	옥수동	762	500	262	113	74	39	36	20	16	613	406	207
2019	광진구	소계	10,460	7,207	3,253	2,287	1,656	631	717	390	327	7,456	5,161	2,295
2019	광진구	화양동	559	405	154	99	80	19	23	14	9	437	311	126
2019	광진구	군자동	719	510	209	202	136	66	41	24	17	476	350	126
2019	광진구	중곡1동	575	455	120	163	125	38	43	27	16	369	303	66
2019	광진구	중곡2동	663	500	163	135	94	41	58	33	25	470	373	97
2019	광진구	중곡3동	716	527	189	177	126	51	62	35	27	477	366	111
2019	광진구	중곡4동	1,053	801	252	262	192	70	89	46	43	702	563	139
2019	광진구	능동	312	224	88	56	38	18	24	10	14	232	176	56
2019	광진구	구의1동	691	171	520	147	108	39	47	27	20	497	36	461
2019	광진구	구의2동	891	640	251	181	113	68	66	38	28	644	489	155
2019	광진구	구의3동	669	439	230	99	66	33	30	13	17	540	360	180
2019	광진구	광장동	522	317	205	58	36	22	27	13	14	437	268	169
2019	광진구	자양1동	834	627	207	226	163	63	67	43	24	541	421	120
2019	광진구	자양2동	693	503	190	158	121	37	40	27	13	495	355	140
2019	광진구	자양3동	644	400	244	85	71	14	35	11	24	524	318	206
2019	광진구	자양4동	919	688	231	239	187	52	65	29	36	615	472	143
2019	동대문구	소계	15,477	11,935	3,542	4,201	3,064	1,137	1,014	665	349	10,262	8,206	2,056
2019	동대문구	회기동	364	244	120	65	43	22	27	16	11	272	185	87
2019	동대문구	휘경1동	604	457	147	133	91	42	49	28	21	422	338	84
2019	동대문구	휘경2동	783	593	190	127	85	42	47	29	18	609	479	130
2019	동대문구	청량리동	1,667	1,272	395	620	489	131	107	82	25	940	701	239
2019	동대문구	용신동	1,661	1,277	384	587	403	184	81	54	27	993	820	173
2019	동대문구	제기동	1,691	1,288	403	488	386	102	127	90	37	1,076	812	264
2019	동대문구	전농1동	1,633	1,257	376	568	445	123	121	88	33	944	724	220
2019	동대문구	전농2동	691	530	161	175	114	61	54	35	19	462	381	81
2019	동대문구	답십리1동	778	581	197	177	128	49	52	24	28	549	429	120
2019	동대문구	답십리2동	1,149	872	277	340	235	105	82	51	31	727	586	141
2019	동대문구	장안1동	1,205	955	250	289	206	83	86	51	35	830	698	132
2019	동대문구	장안2동	1,684	1,458	226	230	164	66	62	38	24	1,392	1,256	136
2019	동대문구	이문1동	771	547	224	166	116	50	47	33	14	558	398	160
2019	동대문구	이문2동	796	604	192	236	159	77	72	46	26	488	399	89
2019	중랑구	소계	16,157	12,666	3,491	4,826	3,408	1,418	844	486	358	10,487	8,772	1,715
2019	중랑구	면목2동	1,032	872	160	305	213	92	63	34	29	664	625	39
2019	중랑구	면목4동	933	764	169	344	265	79	40	29	11	549	470	79
2019	중랑구	면목5동	365	261	104	99	65	34	22	11	11	244	185	59
2019	중랑구	면목7동	624	470	154	224	154	70	45	24	21	355	292	63
2019	중랑구	상봉1동	1,800	1,426	374	306	218	88	50	19	31	1,444	1,189	255
2019	중랑구	상봉2동	748	598	150	206	151	55	28	15	13	514	432	82
2019	중랑구	중화1동	695	554	141	166	117	49	36	18	18	493	419	74
2019	중랑구	중화2동	1,182	956	226	506	383	123	75	50	25	601	523	78
2019	중랑구	묵1동	773	597	176	200	119	81	47	27	20	526	451	75
2019	중랑구	묵2동	757	614	143	222	165	57	44	26	18	491	423	68
2019	중랑구	망우3동	874	709	165	320	238	82	50	29	21	504	442	62
2019	중랑구	신내1동	1,765	1,273	492	328	186	142	77	39	38	1,360	1,048	312
2019	중랑구	신내2동	855	638	217	322	217	105	53	39	14	480	382	98
2019	중랑구	면목본동	1,245	997	248	437	312	125	69	31	38	739	654	85
2019	중랑구	면목3.8동	1,177	927	250	375	274	101	69	45	24	733	608	125
2019	중랑구	망우본동	1,332	1,010	322	466	331	135	76	50	26	790	629	161
2019	성북구	소계	15,668	11,612	4,056	3,699	2,543	1,156	1,094	794	300	10,875	8,275	2,600
2019	성북구	돈암1동	569	430	139	154	105	49	54	39	15	361	286	75
2019	성북구	돈암2동	497	343	154	107	63	44	30	16	14	360	264	96
2019	성북구	안암동	580	426	154	117	90	27	45	34	11	418	302	116
2019	성북구	보문동	597	440	157	126	77	49	48	35	13	423	328	95
2019	성북구	정릉1동	553	424	129	111	74	37	32	18	14	410	332	78
2019	성북구	정릉2동	877	674	203	170	115	55	54	47	7	653	512	141
2019	성북구	정릉3동	861	619	242	221	141	80	61	46	15	579	432	147
2019	성북구	정릉4동	1,006	768	238	207	142	65	55	38	17	744	588	156
2019	성북구	길음1동	705	548	157	141	98	43	55	36	19	509	414	95
2019	성북구	길음2동	574	462	112	168	117	51	33	19	14	373	326	47
2019	성북구	월곡1동	927	705	222	246	158	88	66	51	15	615	496	119
2019	성북구	월곡2동	747	546	201	193	140	53	48	36	12	506	370	136
2019	성북구	장위1동	866	673	193	253	186	67	77	61	16	536	426	110
2019	성북구	장위2동	693	520	173	205	145	60	58	39	19	430	336	94
2019	성북구	장위3동	526	419	107	132	93	39	35	24	11	359	302	57
2019	성북구	성북동	689	483	206	100	68	32	35	16	19	554	399	155
2019	성북구	삼선동	916	687	229	218	173	45	73	58	15	625	456	169
2019	성북구	동선동	556	411	145	114	81	33	53	39	14	389	291	98
2019	성북구	종암동	1,455	921	534	332	218	114	84	66	18	1,039	637	402
2019	성북구	석관동	1,474	1,113	361	384	259	125	98	76	22	992	778	214
2019	강북구	소계	15,501	12,085	3,416	4,455	3,212	1,243	1,221	692	529	9,825	8,181	1,644
2019	강북구	번1동	904	708	196	239	167	72	57	41	16	608	500	108
2019	강북구	번2동	1,028	818	210	331	237	94	154	97	57	543	484	59
2019	강북구	번3동	1,197	1,005	192	516	405	111	158	105	53	523	495	28
2019	강북구	수유1동	1,077	819	258	336	250	86	87	45	42	654	524	130
2019	강북구	수유2동	1,006	741	265	278	180	98	69	31	38	659	530	129
2019	강북구	수유3동	1,177	950	227	291	219	72	64	36	28	822	695	127
2019	강북구	삼양동	1,299	1,015	284	425	303	122	83	52	31	791	660	131
2019	강북구	미아동	1,217	960	257	274	214	60	112	78	34	831	668	163
2019	강북구	송중동	1,316	1,043	273	322	218	104	99	64	35	895	761	134
2019	강북구	송천동	1,676	1,303	373	471	340	131	91	35	56	1,114	928	186
2019	강북구	삼각산동	863	649	214	346	234	112	54	22	32	463	393	70
2019	강북구	우이동	1,084	809	275	215	147	68	74	34	40	795	628	167
2019	강북구	인수동	1,657	1,265	392	411	298	113	119	52	67	1,127	915	212
2019	도봉구	소계	13,407	9,728	3,679	2,797	1,854	943	910	497	413	9,700	7,377	2,323
2019	도봉구	쌍문1동	929	691	238	226	140	86	73	46	27	630	505	125
2019	도봉구	쌍문2동	924	641	283	179	123	56	88	45	43	657	473	184
2019	도봉구	쌍문3동	736	568	168	150	101	49	55	38	17	531	429	102
2019	도봉구	쌍문4동	481	310	171	52	25	27	16	9	7	413	276	137
2019	도봉구	방학1동	1,283	961	322	325	237	88	90	50	40	868	674	194
2019	도봉구	방학2동	1,191	905	286	402	265	137	103	49	54	686	591	95
2019	도봉구	방학3동	764	511	253	74	35	39	39	21	18	651	455	196
2019	도봉구	창1동	985	707	278	154	96	58	33	20	13	798	591	207
2019	도봉구	창2동	1,008	747	261	188	116	72	70	38	32	750	593	157
2019	도봉구	창3동	776	570	206	235	166	69	54	24	30	487	380	107
2019	도봉구	창4동	789	511	278	85	49	36	32	8	24	672	454	218
2019	도봉구	창5동	766	539	227	108	70	38	51	26	25	607	443	164
2019	도봉구	도봉1동	1,468	1,111	357	323	226	97	109	62	47	1,036	823	213
2019	도봉구	도봉2동	1,307	956	351	296	205	91	97	61	36	914	690	224
2019	노원구	소계	21,249	14,581	6,668	6,471	4,538	1,933	1,964	1,068	896	12,814	8,975	3,839
2019	노원구	월계1동	937	682	255	197	147	50	65	28	37	675	507	168
2019	노원구	월계2동	1,646	1,166	480	798	550	248	171	75	96	677	541	136
2019	노원구	월계3동	1,410	990	420	491	343	148	125	63	62	794	584	210
2019	노원구	공릉2동	981	669	312	182	142	40	64	24	40	735	503	232
2019	노원구	하계1동	1,346	928	418	695	513	182	139	61	78	512	354	158
2019	노원구	하계2동	668	444	224	208	154	54	84	38	46	376	252	124
2019	노원구	중계본동	644	434	210	96	67	29	88	40	48	460	327	133
2019	노원구	중계1동	504	322	182	129	85	44	61	29	32	314	208	106
2019	노원구	중계4동	1,108	793	315	482	339	143	133	86	47	493	368	125
2019	노원구	상계1동	1,365	933	432	320	207	113	115	65	50	930	661	269
2019	노원구	상계2동	753	537	216	195	139	56	62	31	31	496	367	129
2019	노원구	상계5동	1,336	917	419	321	221	100	118	69	49	897	627	270
2019	노원구	상계8동	582	384	198	34	21	13	18	6	12	530	357	173
2019	노원구	상계9동	723	455	268	62	39	23	41	17	24	620	399	221
2019	노원구	상계10동	444	277	167	46	27	19	15	5	10	383	245	138
2019	노원구	상계3.4동	1,827	1,261	566	640	447	193	209	138	71	978	676	302
2019	노원구	상계6.7동	1,164	706	458	88	50	38	48	23	25	1,028	633	395
2019	노원구	중계2.3동	2,227	1,511	716	976	687	289	293	199	94	958	625	333
2019	노원구	공릉1동	1,584	1,172	412	511	360	151	115	71	44	958	741	217
2019	은평구	소계	19,974	14,907	5,067	4,756	3,286	1,470	849	471	378	14,369	11,150	3,219
2019	은평구	녹번동	1,843	1,396	447	394	286	108	68	37	31	1,381	1,073	308
2019	은평구	불광1동	1,985	1,467	518	440	305	135	57	29	28	1,488	1,133	355
2019	은평구	갈현1동	1,167	905	262	335	241	94	51	31	20	781	633	148
2019	은평구	갈현2동	1,051	803	248	248	185	63	61	32	29	742	586	156
2019	은평구	구산동	1,235	900	335	280	194	86	56	23	33	899	683	216
2019	은평구	대조동	1,408	1,052	356	344	225	119	60	34	26	1,004	793	211
2019	은평구	응암1동	993	731	262	199	130	69	36	21	15	758	580	178
2019	은평구	응암2동	781	564	217	228	153	75	28	15	13	525	396	129
2019	은평구	신사1동	976	759	217	171	119	52	41	16	25	764	624	140
2019	은평구	신사2동	911	668	243	198	126	72	39	22	17	674	520	154
2019	은평구	증산동	669	519	150	126	79	47	23	17	6	520	423	97
2019	은평구	수색동	469	339	130	156	110	46	16	6	10	297	223	74
2019	은평구	진관동	1,223	859	364	254	177	77	59	37	22	910	645	265
2019	은평구	불광2동	1,669	1,269	400	542	374	168	68	38	30	1,059	857	202
2019	은평구	응암3동	1,650	1,200	450	404	270	134	78	46	32	1,168	884	284
2019	은평구	역촌동	1,944	1,476	468	437	312	125	108	67	41	1,399	1,097	302
2019	서대문구	소계	12,230	8,780	3,450	2,519	1,706	813	634	355	279	9,077	6,719	2,358
2019	서대문구	천연동	999	682	317	295	179	116	42	19	23	662	484	178
2019	서대문구	홍제1동	923	654	269	159	108	51	45	31	14	719	515	204
2019	서대문구	홍제3동	847	581	266	176	110	66	81	39	42	590	432	158
2019	서대문구	홍제2동	604	437	167	154	108	46	37	28	9	413	301	112
2019	서대문구	홍은1동	976	690	286	231	160	71	63	27	36	682	503	179
2019	서대문구	홍은2동	1,023	737	286	168	119	49	53	32	21	802	586	216
2019	서대문구	남가좌1동	364	289	75	72	46	26	13	10	3	279	233	46
2019	서대문구	남가좌2동	1,086	800	286	280	191	89	70	41	29	736	568	168
2019	서대문구	북가좌1동	493	358	135	103	65	38	26	15	11	364	278	86
2019	서대문구	북가좌2동	1,445	1,088	357	281	191	90	63	29	34	1,101	868	233
2019	서대문구	충현동	841	611	230	167	119	48	47	28	19	627	464	163
2019	서대문구	북아현동	586	442	144	143	104	39	22	11	11	421	327	94
2019	서대문구	신촌동	562	386	176	79	51	28	26	16	10	457	319	138
2019	서대문구	연희동	1,481	1,025	456	211	155	56	46	29	17	1,224	841	383
2019	마포구	소계	12,067	8,675	3,392	2,277	1,589	688	688	422	266	9,102	6,664	2,438
2019	마포구	용강동	650	401	249	129	95	34	30	21	9	491	285	206
2019	마포구	대흥동	594	445	149	127	97	30	36	20	16	431	328	103
2019	마포구	염리동	436	324	112	112	78	34	21	17	4	303	229	74
2019	마포구	신수동	662	510	152	91	67	24	21	14	7	550	429	121
2019	마포구	서교동	687	478	209	65	54	11	29	18	11	593	406	187
2019	마포구	합정동	648	573	75	96	62	34	37	24	13	515	487	28
2019	마포구	망원1동	839	589	250	168	111	57	46	23	23	625	455	170
2019	마포구	망원2동	621	456	165	72	47	25	36	20	16	513	389	124
2019	마포구	연남동	611	416	195	68	46	22	31	14	17	512	356	156
2019	마포구	성산1동	637	463	174	120	36	84	31	18	13	486	409	77
2019	마포구	성산2동	1,513	1,121	392	438	369	69	167	131	36	908	621	287
2019	마포구	상암동	541	402	139	128	78	50	60	30	30	353	294	59
2019	마포구	도화동	730	497	233	175	112	63	37	6	31	518	379	139
2019	마포구	서강동	670	463	207	68	42	26	21	16	5	581	405	176
2019	마포구	공덕동	1,574	1,073	501	297	216	81	62	37	25	1,215	820	395
2019	마포구	아현동	654	464	190	123	79	44	23	13	10	508	372	136
2019	양천구	소계	13,614	10,093	3,521	3,288	2,203	1,085	995	575	420	9,331	7,315	2,016
2019	양천구	목1동	439	332	107	61	38	23	23	18	5	355	276	79
2019	양천구	목2동	829	638	191	191	131	60	58	28	30	580	479	101
2019	양천구	목3동	711	516	195	154	91	63	38	18	20	519	407	112
2019	양천구	목4동	696	512	184	245	156	89	54	27	27	397	329	68
2019	양천구	신월1동	472	265	207	4	2	2	1	56	1	467	263	204
2019	양천구	신월2동	1,168	922	246	396	285	111	98	56	42	674	581	93
2019	양천구	신월3동	742	575	167	167	108	59	63	31	32	512	436	76
2019	양천구	신월4동	985	769	216	230	169	61	88	49	39	667	551	116
2019	양천구	신월5동	523	401	122	128	84	44	67	37	30	328	280	48
2019	양천구	신월6동	515	408	107	98	80	18	169	127	42	248	201	47
2019	양천구	신월7동	255	66	189	38	22	16	3	2	1	214	42	172
2019	양천구	신정1동	1,102	809	293	238	151	87	100	58	42	764	600	164
2019	양천구	신정2동	435	303	132	63	45	18	36	24	12	336	234	102
2019	양천구	신정3동	540	390	150	196	120	76	20	9	11	324	261	63
2019	양천구	신정6동	1,338	1,043	295	333	232	101	77	46	31	928	765	163
2019	양천구	신정7동	1,337	1,062	275	220	137	83	34	14	20	1,083	911	172
2019	양천구	목5동	316	208	108	5	2	3	2	-	2	309	206	103
2019	양천구	신정4동	1,211	874	337	521	350	171	64	31	33	626	493	133
2019	강서구	소계	19,498	14,692	4,806	5,956	4,113	1,843	1,373	774	599	12,169	9,805	2,364
2019	강서구	염창동	522	396	126	9	5	4	13	1	12	500	390	110
2019	강서구	등촌1동	668	383	285	61	45	16	16	11	5	591	327	264
2019	강서구	등촌2동	448	309	139	40	19	21	21	6	15	387	284	103
2019	강서구	등촌3동	2,339	1,561	778	1,330	845	485	184	120	64	825	596	229
2019	강서구	화곡본동	995	804	191	244	167	77	84	48	36	667	589	78
2019	강서구	화곡2동	565	463	102	188	131	57	34	24	10	343	308	35
2019	강서구	화곡3동	704	535	169	143	93	50	29	21	8	532	421	111
2019	강서구	화곡4동	737	594	143	199	141	58	34	23	11	504	430	74
2019	강서구	화곡6동	880	690	190	179	124	55	56	33	23	645	533	112
2019	강서구	화곡8동	845	692	153	171	128	43	20	16	4	654	548	106
2019	강서구	가양1동	534	391	143	43	21	22	32	15	17	459	355	104
2019	강서구	가양2동	1,348	998	350	571	390	181	88	47	41	689	561	128
2019	강서구	가양3동	1,116	821	295	619	433	186	59	35	24	438	353	85
2019	강서구	발산1동	732	581	151	192	125	67	51	29	22	489	427	62
2019	강서구	공항동	914	720	194	166	129	37	45	26	19	703	565	138
2019	강서구	방화1동	1,065	819	246	212	152	60	88	50	38	765	617	148
2019	강서구	방화2동	1,159	882	277	453	320	133	81	49	32	625	513	112
2019	강서구	방화3동	1,434	1,072	362	546	412	134	214	83	131	674	577	97
2019	강서구	화곡1동	1,762	1,406	356	481	356	125	180	114	66	1,101	936	165
2019	강서구	우장산동	731	575	156	109	77	32	44	23	21	578	475	103
2019	구로구	소계	14,414	10,815	3,599	2,718	1,860	858	686	392	294	11,010	8,563	2,447
2019	구로구	신도림동	590	424	166	41	28	13	18	9	9	531	387	144
2019	구로구	구로1동	329	232	97	21	12	9	10	3	7	298	217	81
2019	구로구	구로3동	760	554	206	91	59	32	55	31	24	614	464	150
2019	구로구	구로4동	1,187	875	312	253	162	91	54	35	19	880	678	202
2019	구로구	구로5동	917	681	236	128	85	43	30	18	12	759	578	181
2019	구로구	고척1동	835	632	203	136	106	30	28	15	13	671	511	160
2019	구로구	고척2동	1,055	782	273	225	149	76	56	34	22	774	599	175
2019	구로구	개봉2동	954	732	222	180	127	53	35	21	14	739	584	155
2019	구로구	개봉3동	809	598	211	170	113	57	41	27	14	598	458	140
2019	구로구	오류1동	925	693	232	220	155	65	54	28	26	651	510	141
2019	구로구	오류2동	1,381	1,068	313	283	193	90	82	41	41	1,016	834	182
2019	구로구	수궁동	857	665	192	138	90	48	62	35	27	657	540	117
2019	구로구	가리봉동	865	626	239	197	144	53	29	19	10	639	463	176
2019	구로구	구로2동	1,574	1,190	384	324	224	100	58	29	29	1,192	937	255
2019	구로구	개봉1동	1,376	1,063	313	311	213	98	74	47	27	991	803	188
2019	금천구	소계	10,540	8,080	2,460	2,609	1,889	720	869	541	328	7,062	5,650	1,412
2019	금천구	가산동	710	571	139	136	107	29	76	54	22	498	410	88
2019	금천구	독산1동	1,148	915	233	375	274	101	61	43	18	712	598	114
2019	금천구	독산2동	1,207	935	272	211	167	44	126	75	51	870	693	177
2019	금천구	독산3동	1,520	1,119	401	280	195	85	121	73	48	1,119	851	268
2019	금천구	독산4동	635	512	123	155	109	46	40	26	14	440	377	63
2019	금천구	시흥1동	1,446	1,127	319	386	275	111	110	66	44	950	786	164
2019	금천구	시흥2동	720	536	184	246	170	76	80	49	31	394	317	77
2019	금천구	시흥3동	579	449	130	91	74	17	35	22	13	453	353	100
2019	금천구	시흥4동	1,401	1,050	351	339	254	85	135	75	60	927	721	206
2019	금천구	시흥5동	1,174	866	308	390	264	126	85	58	27	699	544	155
2019	영등포구	소계	14,613	10,730	3,883	2,919	2,166	753	582	340	242	11,112	8,224	2,888
2019	영등포구	여의동	1,036	653	383	28	18	10	5	3	2	1,003	632	371
2019	영등포구	당산1동	839	628	211	150	127	23	34	24	10	655	477	178
2019	영등포구	당산2동	756	531	225	58	35	23	19	15	4	679	481	198
2019	영등포구	양평1동	585	432	153	83	51	32	25	11	14	477	370	107
2019	영등포구	양평2동	493	357	136	66	45	21	24	14	10	403	298	105
2019	영등포구	신길1동	1,063	775	288	245	181	64	79	45	34	739	549	190
2019	영등포구	신길3동	819	611	208	200	140	60	37	16	21	582	455	127
2019	영등포구	신길4동	599	460	139	168	127	41	39	23	16	392	310	82
2019	영등포구	신길5동	523	390	133	134	96	38	36	24	12	353	270	83
2019	영등포구	신길6동	717	527	190	141	91	50	25	15	10	551	421	130
2019	영등포구	신길7동	363	245	118	49	27	22	15	6	9	299	212	87
2019	영등포구	대림1동	777	576	201	143	100	43	36	20	16	598	456	142
2019	영등포구	대림2동	783	585	198	166	99	67	26	18	8	591	468	123
2019	영등포구	대림3동	925	702	223	201	147	54	47	23	24	677	532	145
2019	영등포구	영등포본동	1,128	853	275	285	228	57	34	23	11	809	602	207
2019	영등포구	영등포동	1,454	1,168	286	500	432	68	28	18	10	926	718	208
2019	영등포구	도림동	909	646	263	202	150	52	48	25	23	659	471	188
2019	영등포구	문래동	844	591	253	100	72	28	25	17	8	719	502	217
2019	동작구	소계	14,228	10,447	3,781	2,779	1,878	901	934	490	444	10,515	8,079	2,436
2019	동작구	노량진2동	908	687	221	238	172	66	63	40	23	607	475	132
2019	동작구	상도1동	1,343	958	385	352	205	147	112	46	66	879	707	172
2019	동작구	상도2동	904	645	259	130	87	43	58	26	32	716	532	184
2019	동작구	상도3동	940	689	251	179	125	54	74	41	33	687	523	164
2019	동작구	상도4동	1,174	880	294	270	179	91	86	45	41	818	656	162
2019	동작구	사당1동	832	676	156	152	118	34	38	20	18	642	538	104
2019	동작구	사당3동	733	555	178	94	65	29	29	18	11	610	472	138
2019	동작구	사당4동	582	434	148	125	85	40	50	24	26	407	325	82
2019	동작구	사당5동	460	336	124	78	47	31	34	16	18	348	273	75
2019	동작구	대방동	1,253	916	337	306	225	81	111	73	38	836	618	218
2019	동작구	신대방1동	758	560	198	116	78	38	46	28	18	596	454	142
2019	동작구	신대방2동	619	458	161	124	92	32	40	19	21	455	347	108
2019	동작구	흑석동	1,360	936	424	200	135	65	64	38	26	1,096	763	333
2019	동작구	노량진1동	1,314	926	388	284	178	106	91	38	53	939	710	229
2019	동작구	사당2동	1,048	791	257	131	87	44	38	18	20	879	686	193
2019	관악구	소계	18,725	14,304	4,421	4,382	3,032	1,350	855	525	330	13,488	10,747	2,741
2019	관악구	보라매동	1,024	767	257	207	148	59	41	25	16	776	594	182
2019	관악구	청림동	638	456	182	181	121	60	24	17	7	433	318	115
2019	관악구	행운동	1,009	785	224	271	185	86	33	23	10	705	577	128
2019	관악구	낙성대동	528	416	112	83	59	24	14	9	5	431	348	83
2019	관악구	중앙동	671	526	145	156	115	41	29	18	11	486	393	93
2019	관악구	인헌동	813	638	175	111	70	41	48	30	18	654	538	116
2019	관악구	남현동	471	390	81	74	50	24	31	19	12	366	321	45
2019	관악구	서원동	746	588	158	144	108	36	25	13	12	577	467	110
2019	관악구	신원동	870	659	211	204	151	53	52	31	21	614	477	137
2019	관악구	서림동	793	602	191	144	109	35	24	9	15	625	484	141
2019	관악구	신사동	889	701	188	232	155	77	36	24	12	621	522	99
2019	관악구	신림동	573	452	121	123	98	25	16	9	7	434	345	89
2019	관악구	난향동	605	437	168	158	93	65	32	18	14	415	326	89
2019	관악구	조원동	698	509	189	140	96	44	27	17	10	531	396	135
2019	관악구	대학동	666	494	172	104	79	25	24	14	10	538	401	137
2019	관악구	은천동	1,290	1,011	279	374	266	108	75	49	26	841	696	145
2019	관악구	성현동	1,201	863	338	401	244	157	52	28	24	748	591	157
2019	관악구	청룡동	1,148	898	250	230	177	53	46	31	15	872	690	182
2019	관악구	난곡동	1,356	1,041	315	387	262	125	63	45	18	906	734	172
2019	관악구	삼성동	1,556	1,157	399	436	287	149	104	61	43	1,016	809	207
2019	관악구	미성동	1,180	914	266	222	159	63	59	35	24	899	720	179
2019	서초구	소계	9,405	7,158	2,247	1,494	1,023	471	370	227	143	7,541	5,908	1,633
2019	서초구	서초1동	518	375	143	117	75	42	12	4	8	389	296	93
2019	서초구	서초2동	313	244	69	28	21	7	9	5	4	276	218	58
2019	서초구	서초3동	688	538	150	83	58	25	17	11	6	588	469	119
2019	서초구	서초4동	397	283	114	14	12	2	7	3	4	376	268	108
2019	서초구	잠원동	703	490	213	76	52	24	13	8	5	614	430	184
2019	서초구	반포본동	247	177	70	3	1	2	4	1	3	240	175	65
2019	서초구	반포1동	583	476	107	86	73	13	24	16	8	473	387	86
2019	서초구	반포2동	181	139	42	2	2	-	1	-	1	178	137	41
2019	서초구	반포3동	382	259	123	4	4	-	5	4	1	373	251	122
2019	서초구	반포4동	380	276	104	17	9	8	9	5	4	354	262	92
2019	서초구	방배본동	447	317	130	59	43	16	17	10	7	371	264	107
2019	서초구	방배1동	438	330	108	83	55	28	14	8	6	341	267	74
2019	서초구	방배2동	685	548	137	132	89	43	41	21	20	512	438	74
2019	서초구	방배3동	554	416	138	76	46	30	29	25	4	449	345	104
2019	서초구	방배4동	579	433	146	80	55	25	15	9	6	484	369	115
2019	서초구	양재1동	1,215	960	255	401	269	132	93	51	42	721	640	81
2019	서초구	양재2동	576	485	91	137	104	33	28	22	6	411	359	52
2019	서초구	내곡동	519	412	107	96	55	41	32	24	8	391	333	58
2019	강남구	소계	12,358	9,434	2,924	2,959	2,246	713	213	119	94	9,186	7,069	2,117
2019	강남구	신사동	425	290	135	45	35	10	11	6	5	369	249	120
2019	강남구	논현1동	571	455	116	117	99	18	11	7	4	443	349	94
2019	강남구	논현2동	470	368	102	79	66	13	13	8	5	378	294	84
2019	강남구	삼성1동	261	205	56	26	17	9	5	3	2	230	185	45
2019	강남구	삼성2동	539	414	125	70	54	16	8	7	1	461	353	108
2019	강남구	대치1동	163	118	45	1	1	-	4	3	1	158	114	44
2019	강남구	대치4동	371	310	61	73	57	16	6	5	1	292	248	44
2019	강남구	역삼1동	710	568	142	139	113	26	21	12	9	550	443	107
2019	강남구	역삼2동	506	397	109	55	44	11	15	11	4	436	342	94
2019	강남구	도곡1동	407	289	118	33	25	8	6	2	4	368	262	106
2019	강남구	도곡2동	542	389	153	17	11	6	3	1	2	522	377	145
2019	강남구	개포1동	331	249	82	55	38	17	12	6	6	264	205	59
2019	강남구	개포4동	412	325	87	112	84	28	16	9	7	284	232	52
2019	강남구	일원본동	398	273	125	11	8	3	7	5	2	380	260	120
2019	강남구	일원1동	793	630	163	382	275	107	15	6	9	396	349	47
2019	강남구	일원2동	839	682	157	368	301	67	8	4	4	463	377	86
2019	강남구	수서동	1,529	1,237	292	929	701	228	12	1	11	588	535	53
2019	강남구	세곡동	1,045	694	351	293	209	84	13	6	7	739	479	260
2019	강남구	압구정동	726	491	235	25	17	8	4	2	2	697	472	225
2019	강남구	청담동	483	390	93	47	33	14	9	5	4	427	352	75
2019	강남구	대치2동	457	359	98	41	31	10	8	5	3	408	323	85
2019	강남구	개포2동	380	301	79	41	27	14	6	5	1	333	269	64
2019	송파구	소계	15,717	11,937	3,780	2,827	2,001	826	696	433	263	12,194	9,503	2,691
2019	송파구	풍납1동	642	520	122	161	117	44	17	11	6	464	392	72
2019	송파구	풍납2동	640	495	145	130	92	38	19	6	13	491	397	94
2019	송파구	거여1동	487	390	97	156	109	47	31	17	14	300	264	36
2019	송파구	거여2동	956	684	272	165	129	36	49	38	11	742	517	225
2019	송파구	마천1동	1,000	773	227	155	107	48	67	33	34	778	633	145
2019	송파구	마천2동	877	712	165	235	159	76	69	47	22	573	506	67
2019	송파구	방이1동	282	202	80	24	18	6	17	9	8	241	175	66
2019	송파구	방이2동	956	745	211	192	139	53	44	23	21	720	583	137
2019	송파구	오륜동	240	153	87	3	1	2	1	-	1	236	152	84
2019	송파구	오금동	1,010	740	270	211	136	75	57	33	24	742	571	171
2019	송파구	송파1동	572	465	107	81	64	17	11	6	5	480	395	85
2019	송파구	송파2동	346	253	93	63	42	21	5	3	2	278	208	70
2019	송파구	석촌동	1,263	824	439	294	201	93	30	22	8	939	601	338
2019	송파구	삼전동	848	670	178	283	206	77	36	27	9	529	437	92
2019	송파구	가락본동	704	590	114	127	87	40	31	15	16	546	488	58
2019	송파구	가락1동	33	26	7	7	5	2	1	1	-	25	20	5
2019	송파구	가락2동	537	399	138	89	55	34	26	18	8	422	326	96
2019	송파구	문정1동	381	304	77	58	48	10	7	6	1	316	250	66
2019	송파구	문정2동	361	240	121	15	14	1	2	1	1	344	225	119
2019	송파구	장지동	745	578	167	114	84	30	88	61	27	543	433	110
2019	송파구	위례동	256	196	60	21	12	9	25	14	11	210	170	40
2019	송파구	잠실본동	780	640	140	214	159	55	53	34	19	513	447	66
2019	송파구	잠실4동	289	224	65	2	1	1	-	-	-	287	223	64
2019	송파구	잠실6동	270	204	66	5	3	2	1	1	-	264	200	64
2019	송파구	잠실7동	227	129	98	3	2	1	1	-	1	223	127	96
2019	송파구	잠실2동	408	322	86	6	2	4	7	6	1	395	314	81
2019	송파구	잠실3동	607	459	148	13	9	4	1	1	-	593	449	144
2019	강동구	소계	13,191	10,398	2,793	2,891	2,049	842	929	536	393	9,371	7,813	1,558
2019	강동구	강일동	627	471	156	159	92	67	91	54	37	377	325	52
2019	강동구	상일동	455	379	76	70	50	20	28	11	17	357	318	39
2019	강동구	명일1동	593	437	156	81	54	27	33	19	14	479	364	115
2019	강동구	명일2동	277	194	83	43	23	20	22	10	12	212	161	51
2019	강동구	고덕1동	372	291	81	94	55	39	35	23	12	243	213	30
2019	강동구	고덕2동	513	378	135	151	94	57	42	27	15	320	257	63
2019	강동구	암사2동	355	283	72	36	26	10	25	2	23	294	255	39
2019	강동구	암사3동	291	236	55	30	17	13	16	10	6	245	209	36
2019	강동구	천호1동	1,233	984	249	306	234	72	89	54	35	838	696	142
2019	강동구	천호3동	1,219	967	252	371	274	97	104	76	28	744	617	127
2019	강동구	성내1동	432	351	81	54	43	11	5	3	2	373	305	68
2019	강동구	성내2동	1,067	855	212	222	153	69	73	44	29	772	658	114
2019	강동구	성내3동	682	543	139	115	83	32	40	16	24	527	444	83
2019	강동구	둔촌1동	3	2	1	-	-	-	-	-	-	3	2	1
2019	강동구	둔촌2동	775	590	185	135	87	48	59	26	33	581	477	104
2019	강동구	암사1동	1,304	1,031	273	331	239	92	79	44	35	894	748	146
2019	강동구	천호2동	1,538	1,253	285	429	327	102	111	75	36	998	851	147
2019	강동구	길동	1,455	1,153	302	264	198	66	77	42	35	1,114	913	201